0,20000
10,114,1702,1896,1307,659,243,74,30,5,1,0
20,108,924,1281,1163,823,467,210,89,28,13,4,2,0
30,124,620,911,996,793,534,321,169,71,29,13,3,0,2,1,0
40,101,533,754,775,734,561,374,230,99,52,28,10,6,2,1,0,1,0
50,89,437,646,626,658,563,392,265,141,87,33,29,6,4,3,1,0,1,0
60,94,406,520,581,589,499,419,265,171,103,60,39,21,11,3,2,1,0,0
70,93,382,459,537,499,483,394,276,212,124,79,44,20,16,11,3,1,0,0
80,117,335,437,466,486,427,381,293,213,135,92,67,32,15,7,4,6,2,1,0
90,91,291,416,448,438,384,387,294,207,151,113,55,48,25,14,8,4,2,0,2,0
100,108,312,357,407,405,386,345,312,216,151,121,82,42,30,17,10,2,3,1,3,0
110,93,254,335,402,393,364,330,292,220,166,125,87,54,37,23,7,6,3,2,2,1,0
120,93,259,329,352,413,332,307,288,233,176,113,94,63,47,15,14,6,5,3,3,1,0
130,97,259,302,334,348,339,303,249,256,161,148,87,73,47,25,17,10,5,6,0,2,0,0
140,97,247,318,309,311,328,292,252,236,198,134,103,57,56,31,19,13,9,1,3,1,1,1,0
150,94,236,274,283,306,321,297,236,234,178,149,107,84,43,39,25,9,12,4,3,2,1,0,0
160,92,229,257,292,289,292,275,243,221,178,148,114,92,52,40,24,17,11,6,3,1,2,2,0
170,102,217,257,266,310,268,259,230,193,197,158,117,88,44,49,36,24,8,6,5,2,3,0,1,0
180,102,202,251,275,299,285,247,218,220,161,157,111,82,58,52,38,24,12,10,3,4,3,0,1,0
190,81,225,222,276,242,268,257,228,212,158,143,143,81,63,47,33,26,16,13,9,1,4,1,1,0,0
200,105,237,226,278,228,255,236,247,175,168,139,138,85,73,46,34,28,16,17,10,2,6,2,0,1,0
210,86,222,234,266,242,237,213,222,202,167,152,112,89,64,55,41,40,18,10,10,7,7,2,0,0,1,0
220,89,235,215,255,228,229,205,209,208,170,150,123,78,73,52,53,28,26,13,7,7,10,3,0,0,1,0
230,102,212,192,226,248,229,216,223,165,163,154,121,99,69,44,54,42,19,15,12,8,7,3,1,2,0,0
240,97,203,218,229,245,209,190,189,188,167,137,111,106,88,53,54,30,28,21,8,8,9,1,4,2,0,0,1,0
250,103,193,229,236,221,225,173,183,174,168,150,114,97,75,62,52,37,31,17,15,13,6,3,1,2,0,1,1,0
260,107,222,193,221,223,193,204,161,173,160,143,120,95,78,70,57,42,29,16,15,12,8,4,2,2,1,2,0,0
270,86,205,221,190,210,201,197,173,148,162,131,114,125,77,64,56,47,24,20,11,14,17,4,1,3,2,0,0,0
280,93,201,211,218,197,181,182,158,185,145,130,130,106,85,76,43,42,33,25,15,10,14,5,2,4,1,0,0,0
290,95,201,213,217,186,175,177,149,173,145,150,114,113,76,77,50,42,34,24,19,13,11,3,5,4,3,0,1,0
300,81,213,196,218,167,179,188,154,157,166,119,126,102,80,77,45,48,38,27,17,12,12,4,8,3,2,3,0,0
310,81,213,200,188,195,174,164,186,144,150,128,130,95,81,65,49,57,34,25,19,16,8,9,4,4,4,3,1,0,1,0
320,86,220,199,187,205,162,166,171,146,140,127,142,101,75,60,63,39,44,19,19,17,11,10,6,6,1,2,1,1,2,0
330,82,186,195,188,199,163,170,166,148,135,131,101,112,88,60,57,52,34,28,27,15,11,8,6,6,4,0,2,2,1,0,1,0
340,80,202,196,193,184,188,160,147,147,133,122,114,101,84,72,58,46,45,28,19,16,19,6,3,9,3,0,1,2,2,0,0,0,0,1,0
350,92,192,177,189,190,181,170,131,148,145,115,117,97,78,74,56,61,40,27,23,11,14,11,5,7,5,2,1,2,1,0,0,0,0,0,1,0,0
360,83,198,187,199,185,165,157,168,138,133,115,103,99,89,68,68,42,44,29,21,19,18,9,5,6,1,6,1,0,2,1,0,0,0,0,1,0,0
370,102,193,193,201,183,155,146,161,149,131,115,102,111,68,69,64,46,41,32,30,22,8,10,11,6,3,1,6,1,1,0,0,0,0,0,0,0,1,0
380,85,197,225,172,157,153,184,167,137,133,96,111,98,92,61,54,49,37,42,30,16,14,7,10,6,6,5,1,1,2,0,0,0,0,0,0,0,0,1,0
390,79,209,214,172,173,162,166,136,143,141,108,99,108,72,62,66,46,35,33,33,27,16,8,8,7,5,5,4,0,1,0,0,0,0,0,0,0,0,1,0
400,94,229,210,183,169,150,170,157,122,130,125,95,98,61,67,69,47,44,28,38,17,14,12,9,8,4,5,6,1,0,1,0,0,0,0,0,0,1,0,0
410,98,207,198,189,184,149,137,158,143,111,121,103,91,75,70,63,47,41,35,25,26,19,13,10,4,3,4,6,3,1,1,0,0,0,0,0,0,0,1,0
420,75,195,209,189,159,147,168,132,149,126,115,104,89,79,62,51,48,44,38,29,26,16,12,9,9,5,6,3,2,4,0,0,0,0,0,0,0,0,0,0,1,0,0
430,93,215,193,175,160,166,151,144,132,130,131,98,82,63,74,44,56,38,38,28,30,19,12,10,8,8,5,4,3,1,0,1,0,0,0,0,0,0,0,1,0,0,0
440,108,191,190,154,160,184,152,124,136,138,118,99,75,85,53,52,57,49,26,31,31,15,13,11,16,5,5,2,3,1,2,0,1,0,0,0,0,0,0,1,0,0,0
450,103,178,184,161,166,166,162,139,133,115,121,99,77,75,59,59,55,42,25,35,26,19,18,9,11,6,10,4,3,2,0,0,1,1,0,0,0,0,0,1,0,0,0
460,84,212,158,161,168,160,153,153,129,126,103,102,80,78,52,68,50,46,35,27,23,19,15,12,11,6,4,8,2,1,3,2,0,1,0,0,0,0,0,0,0,1,0
470,93,194,165,173,172,138,150,145,131,127,100,99,91,79,61,57,47,50,38,20,26,18,19,9,6,14,8,3,3,1,4,1,0,0,0,1,0,0,0,0,0,1,0
480,90,192,195,154,175,132,149,148,128,122,93,86,100,82,75,52,49,42,41,25,20,23,16,10,10,7,9,4,5,1,3,1,1,0,0,0,1,0,0,1,0,0,0
490,93,188,168,174,156,153,150,150,113,118,97,100,93,83,62,56,55,43,32,34,20,16,14,11,10,9,7,10,3,2,4,1,1,0,0,1,0,0,0,0,0,1,0
500,96,180,168,175,144,152,163,133,129,110,107,102,81,82,61,57,48,42,38,33,19,22,16,14,8,8,10,2,4,3,4,3,0,0,2,0,0,0,0,0,0,1,0,0
510,88,171,170,149,145,172,149,141,139,105,103,100,79,84,55,59,47,40,39,29,28,18,23,10,12,14,6,1,4,1,3,1,3,1,0,1,0,0,0,0,0,0,1,0
520,88,183,183,141,150,176,137,143,114,105,110,99,94,68,67,67,31,38,37,31,30,18,19,22,11,4,14,2,1,1,4,1,2,2,1,1,0,0,0,0,1,0,0,0,0
530,103,188,162,146,160,148,152,149,109,104,122,102,86,63,68,59,44,32,29,37,28,26,20,15,8,10,7,6,5,1,4,1,1,2,1,0,1,0,0,1,0,0,0,0,0
540,84,167,170,145,158,170,165,123,116,99,117,103,105,70,58,52,42,31,35,36,26,21,19,14,18,9,7,3,6,1,3,0,2,2,1,1,0,0,0,0,0,1,0,0,0
550,99,157,151,170,175,164,137,119,112,129,105,93,96,89,61,45,44,33,41,32,18,19,23,17,23,6,4,7,1,3,1,3,2,2,1,0,0,0,0,0,0,1,0,0,0
560,82,200,150,159,175,145,139,114,128,124,113,92,95,78,59,46,41,44,34,26,27,27,18,17,14,10,10,2,5,2,3,2,1,1,2,0,0,0,0,0,0,1,0,0,0
570,108,183,166,149,150,152,144,132,124,118,96,101,79,75,72,44,50,38,39,32,30,19,22,15,12,13,5,8,3,2,2,1,1,2,0,2,0,0,0,0,1,0,0,0,0
580,87,184,159,141,152,148,114,157,120,109,111,95,80,70,71,56,52,41,36,27,25,24,23,17,12,10,9,3,8,3,1,2,0,1,0,1,0,1,0,0,0,1,0,0,0
590,96,154,146,178,154,122,128,137,142,107,102,93,74,84,62,61,45,38,44,27,28,25,17,17,14,12,6,6,5,6,4,0,0,0,0,1,0,1,0,0,0,0,0,0,1,0
600,106,185,167,163,147,122,130,122,128,112,98,96,79,62,74,55,61,47,30,34,27,20,24,16,10,15,9,6,6,5,1,0,1,1,0,0,0,0,0,1,0,1,0,0,0,0
610,98,177,151,170,134,137,131,129,114,124,89,91,84,69,70,62,49,44,44,27,24,21,20,22,15,12,7,7,3,6,0,3,0,1,1,0,1,0,0,0,1,0,0,0,0,0
620,89,190,177,146,137,141,119,137,125,110,89,90,74,67,67,71,57,47,28,28,29,24,17,20,15,15,8,7,5,4,0,4,0,0,2,1,0,0,0,1,0,0,0,0,0,0
630,74,185,172,139,125,156,130,128,100,116,91,97,69,73,64,63,57,46,42,33,24,18,21,22,14,15,13,6,4,2,1,1,1,1,1,1,1,1,0,0,0,0,0,0,0,0
640,102,161,170,153,141,139,135,117,117,119,78,87,65,75,74,65,53,41,45,32,30,23,20,18,17,12,12,7,1,3,2,2,0,1,0,2,2,0,0,0,0,0,0,0,0,0
650,89,176,185,137,151,130,135,115,130,100,88,84,62,90,69,50,51,50,39,39,30,21,28,16,10,11,13,7,4,0,2,2,4,0,2,0,2,0,0,0,0,0,0,0,0,0
660,94,186,183,145,158,107,145,110,105,103,95,80,93,70,65,53,58,40,46,32,34,24,23,20,14,9,11,9,3,2,1,4,0,2,1,1,1,0,0,0,0,0,0,0,0,0
670,102,184,163,153,142,136,129,114,101,102,94,79,85,86,66,45,60,46,33,30,32,32,22,19,19,15,8,3,4,1,3,2,2,3,0,2,1,0,0,0,0,0,0,0,0,0
680,100,174,161,135,160,124,115,127,123,87,82,97,83,80,65,52,52,46,40,31,21,28,25,23,15,16,12,7,3,0,2,0,7,0,0,1,2,1,0,0,0,0,0,0,0,0
690,86,174,150,155,134,125,127,136,111,100,73,82,101,65,74,59,45,36,44,39,18,26,23,19,27,11,10,10,2,1,2,4,3,1,1,0,1,0,2,0,0,0,0,0,0,0
700,89,170,166,154,146,106,144,107,109,96,87,82,84,88,70,65,54,40,30,29,31,26,19,16,15,19,14,8,3,2,2,2,4,1,1,1,1,0,1,0,0,1,0,0,0,0
710,86,167,172,147,133,128,118,104,117,95,100,74,89,99,68,55,46,39,33,33,26,27,24,12,18,18,12,6,4,2,5,2,1,4,1,2,1,0,1,0,0,0,1,0,0,0
